2,639,343,629,115,378,164,418,388	
2,617,338,603,100,343,148,386,380	
2,594,334,579,87,313,134,355,371	
2,573,331,554,75,283,120,326,366	
2,553,330,531,64,255,111,298,364	
2,533,330,510,56,229,105,272,363	
2,514,330,489,50,205,100,249,361	
2,496,329,470,45,186,96,230,357	
2,482,328,453,44,171,94,216,355	
2,469,327,440,43,161,92,204,352	
2,459,326,429,43,153,92,196,349	
2,451,325,420,43,146,91,188,347	
2,444,325,412,42,140,90,181,347	
2,439,325,407,42,135,89,175,346	
2,435,324,403,41,131,88,171,345	
2,432,323,400,41,129,87,169,344	
2,433,324,400,41,128,87,169,345	
2,434,325,400,42,129,88,171,347	
2,436,326,402,43,131,89,173,348	
2,439,327,405,44,132,90,175,350	
2,442,329,408,45,134,91,176,352	
2,444,330,410,45,134,92,176,354	
2,445,331,412,45,133,91,176,355	
2,445,331,412,45,133,92,176,356	
2,445,331,412,45,133,92,176,355	
2,445,330,412,45,134,92,178,354	
2,446,330,412,45,135,92,179,355	
2,447,331,414,46,136,93,179,356	
2,448,332,415,47,135,94,179,358	
2,449,334,416,48,135,95,180,360	
2,450,335,417,49,136,96,181,361	
2,451,336,418,50,137,98,182,363	
2,452,337,419,52,137,99,183,365	
2,453,338,420,55,140,102,186,366	
2,456,341,421,58,144,106,192,368	
2,463,345,423,63,151,113,201,374	
2,476,352,427,71,164,126,219,384	
2,493,360,432,81,189,148,238,399	
2,504,359,437,94,227,179,258,410	
2,513,354,447,114,264,207,292,415	
2,518,347,459,135,309,236,322,418	
2,521,344,472,155,347,259,354,420	
2,526,343,484,172,378,275,380,421	
2,531,345,498,195,406,286,404,421	
2,542,350,512,208,431,296,432,422	
2,552,352,526,219,456,307,458,422	
3,206,295,300,441,460,332,384,186	
3,159,268,248,428,420,326,343,166	
3,120,247,207,424,389,323,310,146	
3,89,231,170,422,364,322,286,131	
3,62,217,145,421,349,322,269,119	
3,47,209,128,420,340,322,260,110	
3,35,199,117,418,333,321,255,102	
3,29,194,109,419,331,322,253,97	
3,23,188,104,419,329,323,253,93	
3,20,186,99,419,329,324,254,90	
3,15,179,92,416,325,323,253,86	
3,12,176,90,417,324,324,252,83	
3,11,175,88,415,323,323,252,82	
3,11,173,88,414,323,323,252,82	
3,12,173,88,412,322,322,252,82	
3,13,173,90,415,323,323,252,82	
3,15,176,92,417,325,324,254,84	
3,15,178,94,420,327,326,255,86	
3,17,182,98,423,331,328,257,88	
3,19,185,103,425,334,330,260,90	
3,22,188,107,428,337,331,262,92	
3,24,189,109,428,339,331,265,93	
3,27,191,113,429,342,332,266,95	
3,28,192,113,429,343,331,268,95	
3,28,190,113,426,342,329,268,94	
3,28,188,112,424,341,327,267,93	
3,26,186,111,423,340,326,267,90	
3,25,184,109,422,340,324,266,88	
3,23,181,106,420,338,322,265,85	
3,21,179,106,420,338,321,265,82	
3,21,177,106,420,339,320,266,81	
3,20,177,107,420,340,320,266,79	
3,20,178,108,422,341,321,267,79	
3,21,178,109,422,343,321,268,80	
3,21,178,109,422,343,321,268,80	
3,22,179,110,423,343,321,269,80	
3,23,180,111,423,343,321,269,81	
3,23,180,111,423,344,322,269,82	
3,23,181,111,424,344,322,269,82	
3,22,181,111,425,344,322,270,82	
3,22,180,110,425,344,322,270,82	
3,21,181,111,426,344,323,270,81	
3,21,181,111,426,345,324,270,82	
3,20,181,110,426,344,323,270,82	
3,21,181,111,427,345,324,270,82	
3,21,181,110,427,345,324,270,82	
3,21,181,110,427,345,324,270,82	
3,21,181,110,427,345,324,270,82	
3,21,180,110,426,345,323,270,81	
3,22,180,110,427,346,323,271,81	
3,22,180,110,427,346,323,271,81	
3,21,179,110,426,346,323,271,80	
3,20,179,110,427,347,323,271,79	
3,21,179,110,427,347,323,272,79	
3,20,180,111,427,347,323,271,80	
3,22,182,112,430,348,325,271,81	
3,22,186,115,433,348,327,271,85	
3,23,193,117,438,349,332,271,90	
3,24,200,118,443,347,337,270,96	
3,24,209,118,450,345,344,267,105	
3,25,221,120,457,342,352,263,117	
3,27,234,123,464,340,361,260,131	
3,31,250,128,473,339,371,258,147	
3,35,265,133,482,339,381,256,164	
