

59,26,118,424,235,102 
59,32,117,424,234,102 
59,31,118,424,234,102 
59,31,118,424,235,102 

0,88,326,239,626,475 
0,81,318,239,636,478 
59,33,117,423,233,102 
60,27,117,424,234,102 

0,87,323,237,629,471 
0,84,319,233,638,462 

60,30,118,424,235,102 
0,88,320,233,639,466 
0,38,216,229,433,377 
59,32,117,423,234,102 

59,41,118,424,235,102 0,38,188,170,375,334 
0,88,320,238,638,476 
0,89,317,238,632,471 79,75,428,418,240,116 
60,30,117,423,234,102 
59,26,117,423,234,103 
0,81,278,292,553,367 
0,83,295,251,590,453 

59,27,117,423,233,102 
59,32,117,423,233,102 

0,59,86,171,172,339 
0,83,115,236,229,472 
72,59,405,241,446,477 72,26,309,238,619,477 
72,74,324,241,622,477 
24,56,311,326,206,140 59,28,510,382,259,186 
39,47,577,105,14,42 

63,88,495,237,288,475 15,78,254,260,415,430 15,53,276,140,176,191 
63,89,484,270,309,413 15,53,272,192,161,185 
63,94,500,276,278,402 15,65,300,175,135,157 56,48,547,46,181,93 
63,91,498,263,281,423 15,77,301,171,128,208 
63,92,479,267,321,419 15,68,273,166,130,198 56,38,497,33,163,66 
63,92,470,261,339,433 15,68,256,135,121,157 
63,93,455,257,368,445 15,43,226,121,116,149 
63,92,445,254,388,448 73,41,607,242,64,102 15,40,211,119,119,157 59,39,319,266,639,426 
63,91,444,252,389,448 15,32,207,114,115,142 73,29,606,241,67,105 
63,92,447,250,385,450 15,44,212,112,114,141 73,35,607,236,64,101 60,30,331,249,612,442 59,26,330,262,618,434 
63,93,448,242,381,450 15,56,215,96,109,123 60,31,333,243,607,452 
63,92,450,242,378,451 15,53,218,102,110,140 60,30,332,247,599,446 73,28,610,225,58,94 
63,93,447,243,383,449 15,47,212,95,109,123 60,37,333,245,612,453 59,34,327,261,623,437 
63,92,449,245,379,448 15,47,214,99,109,124 
63,94,452,249,374,450 15,49,221,101,113,118 
63,93,453,252,373,447 15,63,218,103,116,127 60,42,337,253,600,438 
63,93,457,257,364,442 15,41,230,111,125,139 59,26,337,258,592,434 
63,93,463,257,353,444 60,31,340,254,590,437 
63,93,467,258,345,442 15,78,247,123,126,159 59,28,340,264,577,422 
63,94,479,267,320,421 15,67,273,148,127,152 56,44,476,33,149,67 
63,74,515,268,246,411 15,49,276,291,350,370 
59,34,332,302,373,346 24,32,67,151,134,131 66,32,560,439,156,80 63,31,560,290,157,370 15,26,319,307,356,335 
59,71,386,331,483,289 15,64,464,290,148,192 63,56,576,316,125,314 39,42,417,50,18,42 
39,46,421,88,17,41 16,41,472,315,142,167 59,40,361,352,394,248 
59,63,374,318,513,323 39,36,390,38,19,41 15,33,433,248,149,177 
63,47,541,283,197,386 59,35,270,290,386,376 15,35,268,299,383,352 
63,91,529,259,219,434 59,34,286,268,475,419 16,28,360,182,154,243 
63,95,514,253,248,449 15,38,328,139,151,181 16,36,328,137,153,178 
63,92,514,251,249,457 15,69,327,160,154,244 
15,88,219,324,370,301 63,77,513,311,250,325 0,36,515,118,156,103 
15,51,268,251,170,228 39,47,263,101,18,40 59,25,303,348,607,255 
15,70,327,202,209,311 63,51,522,247,234,441 
15,60,299,167,216,322 62,52,507,205,263,405 59,44,309,345,619,260 
15,83,316,198,288,385 
15,88,343,353,289,246 59,63,422,256,435,443 59,27,154,420,308,112 
15,45,441,197,381,391 
15,67,319,250,390,447 
63,58,489,231,299,463 15,41,206,164,277,329 62,40,488,237,302,473 
15,80,320,203,244,344 62,45,533,234,212,466 15,36,223,318,445,313 59,31,221,318,442,315 
15,81,294,139,220,275 59,54,202,293,404,356 62,37,519,218,239,434 
15,81,304,151,212,292 62,60,519,220,239,440 59,30,224,300,449,347 
15,77,311,147,212,292 63,66,519,230,240,449 59,31,230,294,461,355 
15,78,299,160,214,317 63,68,513,229,250,455 59,37,213,293,425,359 
15,77,300,134,213,265 63,38,516,214,245,423 62,29,516,213,243,425 
15,65,304,156,209,297 63,50,512,230,252,458 62,40,512,229,253,458 
15,82,295,169,205,276 63,72,511,228,255,452 39,42,359,26,20,39 59,32,272,291,545,370 15,27,618,232,42,92 
15,75,304,171,199,275 16,48,304,171,199,272 63,45,517,233,242,458 62,45,518,228,243,447 39,44,364,27,18,39 59,38,227,259,455,435 59,34,199,305,398,337 
15,70,311,167,193,279 62,70,520,226,237,447 63,54,519,224,236,447 59,34,207,295,415,357 39,32,364,20,17,36 
15,76,311,164,191,274 62,71,519,224,239,442 59,49,206,302,410,344 63,44,518,223,239,442 39,27,363,20,18,37 
62,80,520,222,238,439 15,70,314,165,192,276 63,46,519,224,238,445 59,42,201,302,403,345 
63,61,517,225,242,444 62,57,516,225,245,445 16,48,306,167,195,278 15,41,306,168,195,283 39,33,360,21,17,35 59,31,206,305,410,338 
15,79,296,161,206,273 62,64,514,228,250,445 63,44,514,225,249,445 
15,78,297,172,207,278 63,70,516,227,245,437 62,51,517,232,244,444 39,37,360,24,20,35 
15,77,294,154,213,284 62,62,517,225,244,435 59,25,201,244,402,450 
15,80,288,165,223,258 62,74,516,231,246,438 63,43,516,228,244,433 39,25,358,26,19,36 
15,85,292,167,217,248 62,53,516,236,245,438 39,36,360,28,18,35 63,36,516,234,243,438 59,26,220,310,441,328 
15,80,295,187,217,278 62,55,519,244,239,444 63,50,519,240,238,437 59,30,199,313,399,322 
15,81,272,281,264,355 63,63,501,272,274,407 
15,84,288,298,354,353 
15,67,269,237,515,472 
15,60,355,236,568,468 
15,63,392,236,491,471 59,31,294,366,587,221 
15,90,397,237,484,473 
15,80,400,236,475,470 
15,89,400,239,477,476 
15,89,400,238,477,474 
15,84,409,238,459,476 59,28,317,365,635,227 
15,91,413,236,451,470 
15,91,411,236,455,471 59,31,285,365,571,223 
15,90,410,237,457,471 39,35,247,238,20,43 59,26,309,366,615,224 
15,88,409,236,456,469 39,46,248,238,20,43 
15,89,412,237,453,470 39,43,248,238,20,43 
15,89,414,237,448,472 39,38,248,238,20,43 
15,90,413,238,450,473 39,38,248,238,19,42 67,29,123,165,27,35 
15,90,410,238,454,473 39,35,248,239,20,41 
15,91,410,239,457,476 39,34,248,239,19,40 
15,91,409,240,457,478 39,33,248,239,19,40 67,26,123,165,27,36 
15,91,409,239,456,477 39,31,248,239,20,40 
15,90,413,237,450,473 39,39,248,238,20,43 59,25,307,367,612,222 
15,91,410,240,456,478 39,39,248,238,20,43 
15,91,409,240,455,476 39,36,248,238,20,43 
15,91,409,240,458,478 39,37,248,238,20,43 
15,91,409,239,459,476 39,30,247,240,20,39 
15,91,412,238,452,474 59,35,310,366,617,223 39,26,247,241,19,37 
15,90,414,236,447,470 59,31,309,366,616,224 
15,91,413,236,450,471 
15,90,412,237,452,473 
15,90,411,236,453,470 
15,88,412,236,452,471 67,25,123,165,28,36 
15,91,410,236,455,470 
15,91,411,236,454,470 67,28,123,165,27,36 
15,91,411,236,455,470 67,28,123,165,27,36 
15,91,411,237,454,473 67,27,123,165,27,36 
15,91,410,240,455,477 67,29,123,165,27,36 
15,91,410,240,457,477 67,27,123,165,27,36 
15,91,410,239,457,475 67,31,123,165,27,36 
15,91,410,235,455,470 67,30,123,165,27,36 
15,91,409,236,457,470 67,34,123,165,27,36 
15,92,409,239,457,477 67,31,123,165,27,36 
15,92,410,239,457,475 67,32,123,165,27,35 
15,91,410,239,457,475 67,31,123,165,27,35 
15,91,410,239,457,475 67,28,123,165,27,36 
15,91,411,237,455,473 67,27,123,165,27,36 
15,91,410,240,457,477 67,28,123,165,27,36 
15,91,410,240,458,477 67,32,123,165,27,36 
15,91,410,238,456,474 67,29,123,165,27,36 
15,92,409,240,458,477 67,32,123,165,27,36 
15,91,410,240,457,477 67,33,123,165,27,36 
15,91,410,239,457,476 67,33,123,165,27,36 
15,91,410,240,457,477 67,25,123,165,27,36 
15,91,410,239,457,477 67,30,123,165,27,36 
15,92,410,240,457,477 
15,91,410,238,456,474 67,27,123,165,27,35 
15,91,409,240,457,478 67,28,123,165,27,35 
15,91,409,240,458,476 
15,91,410,238,456,474 
15,91,410,238,455,474 
15,92,410,238,456,475 
15,91,410,238,455,474 
15,91,410,236,457,470 
15,90,409,236,457,471 67,25,123,165,27,36 
15,87,431,238,415,471 39,43,248,238,20,43 
15,89,429,237,418,474 39,42,248,238,19,43 59,26,303,366,604,223 
15,90,420,237,438,473 39,41,248,238,20,44 
15,91,420,237,438,472 39,36,247,239,20,43 
15,83,417,236,441,465 39,27,247,239,20,40 
15,90,415,238,447,473 
15,82,411,237,453,470 
15,78,409,235,460,466 
15,43,411,230,448,459 
15,69,415,234,442,467 59,28,313,364,625,224 
15,55,410,231,431,460 
15,82,415,236,445,469 
15,33,407,224,427,447 
15,83,400,236,475,469 
15,84,393,234,491,467 
15,71,397,232,484,465 
15,80,395,234,488,468 
15,79,395,235,486,470 59,28,317,366,632,223 
15,78,397,236,483,472 
15,73,401,237,477,474 
15,83,404,236,470,473 
15,80,406,237,466,475 
15,66,409,236,460,471 
15,48,409,234,461,466 
15,65,407,232,442,462 
15,84,419,236,437,468 
15,72,422,234,427,468 
15,61,421,233,425,465 
15,71,421,239,436,476 
15,65,420,236,438,470 
15,83,420,238,437,472 
15,89,420,236,436,470 39,25,248,237,20,44 
15,88,419,237,438,472 
15,88,421,238,437,473 
15,88,424,237,429,473 39,43,247,238,20,44 59,25,294,366,589,222 
15,89,428,236,420,472 39,44,247,238,20,44 
15,91,433,231,410,460 39,45,248,238,20,43 
15,88,423,228,433,454 39,45,248,238,20,43 
15,87,413,231,451,460 39,45,247,238,20,44 
15,89,398,227,472,451 39,38,248,238,20,44 
15,88,403,231,471,462 39,42,247,238,20,43 
15,87,403,230,472,460 39,38,247,239,20,43 
15,65,406,233,460,462 39,49,247,241,21,43 
15,83,411,233,454,467 39,56,245,233,19,42 59,28,287,366,573,217 
15,44,250,239,435,477 


0,84,469,344,339,262 
0,55,422,336,429,279 
0,89,323,239,628,478 0,39,89,363,177,223 
0,90,329,236,618,473 
0,91,338,236,601,473 67,27,291,36,37,46 
0,91,323,237,633,474 
0,90,334,236,607,473 
0,91,338,237,601,474 
0,91,339,237,599,474 
0,90,342,237,593,474 
0,90,342,237,593,474 
0,90,369,236,539,472 
0,90,364,237,549,473 0,27,64,438,129,77 
0,91,360,237,557,472 
0,90,368,237,539,473 0,26,64,438,128,75 
0,90,364,236,550,473 
0,91,328,237,622,474 
0,90,320,236,640,473 
0,91,319,238,636,477 
0,85,337,238,599,475 
0,41,404,236,454,472 

59,31,339,212,528,424 
0,40,571,208,59,150 
57,59,589,388,101,171 73,37,197,98,97,41 
73,25,108,385,76,64 
73,30,141,279,46,92 73,28,64,194,48,100 
73,34,40,296,43,94 24,30,536,255,189,136 73,26,168,85,30,87 
62,30,40,213,75,75 56,27,605,407,67,141 
0,33,200,45,147,90 0,25,233,45,82,90 
79,27,330,323,444,184 
59,33,491,232,295,459 


63,62,522,265,234,416 
63,81,473,280,332,390 15,68,258,226,185,245 
63,93,486,288,307,380 15,69,285,241,196,242 39,42,155,70,15,40 
15,54,237,262,184,206 72,50,449,260,336,353 
0,83,353,172,568,343 63,77,484,385,307,182 59,43,312,315,625,322 
0,83,346,179,509,357 63,39,498,279,281,393 63,28,492,395,263,163 
63,93,479,272,320,415 15,62,283,207,178,253 56,28,333,60,176,120 0,25,506,202,69,73 
63,95,471,264,337,428 15,65,262,177,164,238 
63,87,471,348,334,254 0,72,461,140,355,274 63,40,452,290,375,372 15,33,229,222,161,247 
0,60,376,233,526,465 63,41,472,412,328,128 39,41,96,56,18,41 
63,96,466,311,347,335 15,61,254,275,153,242 39,53,105,70,16,40 59,33,347,335,583,286 
63,96,454,316,370,326 15,71,232,278,151,241 59,57,366,329,545,294 39,33,88,82,17,41 
63,90,425,397,390,160 0,83,332,203,608,406 39,36,44,63,19,39 
0,86,321,238,634,476 
63,94,403,311,459,333 15,58,133,270,156,188 59,57,328,320,622,317 64,52,626,352,27,40 39,34,33,70,15,41 73,30,579,358,121,125 
63,96,401,309,477,340 73,65,577,347,124,126 59,44,337,309,604,325 15,42,126,272,154,199 39,33,27,73,15,41 56,28,429,83,215,165 
63,94,398,308,482,341 15,63,124,284,159,178 73,60,578,343,123,126 39,43,24,72,17,40 59,43,345,307,588,333 
63,95,387,302,494,355 15,72,106,250,159,220 59,56,329,305,621,347 73,51,574,335,130,132 64,47,622,331,34,46 39,42,14,61,16,40 
73,29,589,347,101,97 
15,77,193,213,360,381 2,41,319,230,632,460 
15,81,214,174,429,345 
15,72,139,173,277,344 4,26,419,238,441,476 
15,67,66,209,132,370 64,47,492,286,107,43 63,35,325,241,628,470 
64,61,479,303,112,44 63,30,323,230,621,461 
63,67,317,235,635,470 64,38,493,306,110,40 15,30,109,250,218,411 63,26,376,335,526,280 
15,26,146,237,292,474 
2,36,476,237,324,475 15,35,230,228,459,454 2,27,319,236,633,470 
15,88,355,225,535,450 39,52,84,199,17,41 39,25,26,194,22,44 
15,89,358,230,537,457 39,44,84,204,18,43 
15,88,355,228,538,454 39,49,84,195,17,43 
15,90,353,225,542,449 39,49,84,195,17,43 
15,89,356,223,541,446 39,49,84,189,18,42 
15,87,352,226,542,452 39,54,84,194,18,43 
15,86,352,228,537,455 39,54,84,194,18,43 
15,84,360,229,526,459 39,55,84,194,18,43 
15,86,358,227,523,453 39,57,84,194,18,43 
15,86,359,228,519,453 39,56,84,194,18,44 
15,86,357,227,521,452 39,57,84,194,18,44 
15,86,356,227,521,453 39,57,84,194,18,44 
15,85,353,230,540,457 39,55,84,194,18,44 
15,88,349,231,556,461 39,60,84,194,17,44 
15,87,352,227,545,454 39,60,84,195,17,44 
15,88,352,226,540,453 39,61,84,194,17,44 
15,88,352,226,538,452 39,61,84,194,18,44 
15,88,351,226,538,452 39,58,84,194,18,44 
15,88,352,226,537,451 39,59,84,194,18,44 
15,88,354,227,536,452 39,59,84,194,18,44 
15,87,352,227,543,453 39,56,84,194,18,44 
15,87,356,228,534,452 39,55,84,194,18,45 
15,87,357,227,533,452 39,53,84,194,18,44 
15,88,357,227,533,453 39,56,84,194,18,44 
15,88,357,228,535,453 39,56,84,194,18,44 
15,88,357,228,534,453 39,56,84,194,18,44 
15,88,356,227,529,452 39,54,84,194,18,44 
15,88,356,226,529,451 39,55,84,194,18,44 
15,89,355,226,530,451 39,53,84,194,18,44 
15,89,354,226,529,451 39,55,84,194,18,44 
15,88,354,226,531,451 39,54,84,194,18,44 
15,88,353,226,530,451 39,54,84,194,18,44 
15,88,353,226,532,451 39,56,84,194,18,44 
15,88,353,226,531,451 39,55,84,194,18,44 
15,88,353,226,531,451 39,56,84,194,18,44 
15,88,354,227,532,452 39,54,84,194,18,44 
15,88,353,226,531,451 39,54,84,194,18,44 
15,89,353,226,528,451 39,54,84,194,18,44 
15,89,353,226,528,451 39,56,84,194,18,44 
15,88,353,226,531,450 39,55,84,194,18,44 
15,88,354,226,532,451 39,56,84,194,18,44 
15,88,354,226,532,452 39,57,84,194,18,44 
15,88,354,226,533,452 39,57,84,194,18,44 
15,88,354,226,533,452 39,56,84,194,18,44 
15,88,355,226,534,452 39,58,84,194,17,44 
15,88,356,227,534,452 39,58,84,194,17,44 
15,87,357,227,536,454 39,57,84,194,18,44 
15,87,358,227,536,454 39,57,84,194,18,44 
15,88,355,227,534,452 39,55,84,194,17,44 
15,87,357,228,539,455 39,54,84,195,17,44 
15,88,351,227,541,452 39,57,84,195,18,45 
15,87,349,226,540,450 39,59,84,195,17,45 2,27,330,213,618,427 
15,88,354,227,529,452 39,57,84,195,17,45 
15,88,355,226,529,451 39,57,84,195,17,44 
15,87,356,226,530,451 39,57,84,195,17,45 
15,86,361,228,530,452 39,57,84,195,17,45 
15,87,358,225,519,450 39,59,84,195,17,44 
15,87,353,227,529,450 39,58,84,195,17,44 
15,88,354,225,527,450 39,58,84,195,17,44 
15,89,356,225,525,450 39,57,84,195,17,45 
15,89,356,226,525,450 39,55,84,195,17,44 
15,88,358,226,523,451 39,53,84,195,17,44 
15,88,354,227,533,452 39,57,84,196,17,43 2,26,327,212,624,424 
15,89,353,227,534,451 39,53,84,195,17,45 
15,88,357,226,528,450 39,54,84,195,17,45 
15,88,355,226,529,451 39,54,84,196,17,44 2,27,332,212,615,425 
15,89,354,226,530,451 39,54,84,195,17,44 2,27,328,213,621,426 
15,88,351,227,539,450 39,53,84,196,17,43 
15,89,340,227,560,451 39,56,84,196,17,43 2,25,324,221,629,442 
15,88,336,226,567,449 39,50,84,196,17,42 2,29,324,215,630,431 
15,88,335,226,567,449 39,45,84,196,17,42 2,32,323,210,632,421 2,26,529,201,219,401 
15,88,335,226,570,451 39,42,84,198,16,39 2,30,324,209,629,419 2,25,523,201,231,401 
15,88,334,227,572,450 39,47,84,196,17,42 2,31,327,215,624,431 
15,89,355,226,528,450 39,55,84,195,17,44 
15,88,358,226,519,451 39,56,84,196,17,44 
15,89,352,225,530,450 39,43,83,196,17,43 
15,88,354,226,533,452 0,79,29,115,58,229 39,33,84,196,17,43 2,25,324,219,630,438 
15,86,359,227,521,453 0,50,74,118,149,236 0,46,52,117,104,232 2,26,324,214,630,428 
15,85,363,227,514,453 0,63,51,117,101,232 2,27,326,214,625,428 
15,86,358,228,537,454 2,29,330,212,619,424 
15,87,351,228,544,454 39,47,84,196,17,43 2,33,329,217,619,435 
15,88,341,227,555,450 39,53,84,196,17,43 2,25,327,209,623,418 
15,88,338,226,566,451 39,58,84,196,17,43 
15,89,339,227,569,452 39,61,84,196,17,44 
15,88,340,227,565,451 39,60,84,196,17,43 2,30,523,203,231,407 2,27,319,218,639,437 
15,88,343,227,556,450 39,56,84,196,17,43 2,28,320,216,640,433 
15,89,360,226,520,451 39,51,84,196,17,44 
15,86,354,227,526,451 39,53,84,195,17,44 
15,87,356,226,527,452 39,53,84,196,17,44 
15,86,355,226,529,453 39,51,84,195,17,45 
15,88,345,226,549,449 39,55,84,195,17,44 
15,87,345,226,545,451 39,54,84,196,17,43 
15,87,345,226,543,450 39,52,84,196,17,43 
15,85,346,226,542,450 39,53,84,196,17,43 
15,85,345,226,541,450 39,54,84,196,17,43 
15,86,344,226,544,450 39,55,84,196,17,43 
15,86,346,226,541,449 39,53,84,196,17,43 
15,87,345,226,542,450 39,55,84,196,17,43 
15,88,348,227,542,454 39,53,84,196,17,43 
15,87,348,226,538,452 39,54,84,196,17,43 
15,87,347,226,539,449 39,55,84,196,17,44 
15,87,351,226,532,451 39,55,84,196,17,44 
15,87,352,227,534,451 39,55,84,195,17,44 
15,88,351,227,533,451 39,57,84,195,17,44 
