0,494,355,622,374,644,218,518,214	
0,464,376,595,399,626,238,496,231	
0,431,382,570,406,602,241,464,233	
0,398,386,541,412,576,240,433,229	
0,352,400,503,426,535,249,389,239	
0,321,411,486,436,513,254,351,243	
0,303,421,475,446,501,258,330,247	
0,281,424,453,448,481,259,310,248	
0,255,421,433,445,460,254,284,242	
0,235,415,416,441,442,248,263,236	
0,219,408,403,434,428,243,246,229	
0,208,395,392,421,417,233,233,218	
0,200,379,385,406,409,219,223,204	
0,191,364,376,391,400,205,216,188	
0,187,353,373,379,396,192,211,175	
0,186,345,371,371,393,182,208,165	
0,183,339,367,363,389,175,206,159	
0,179,337,363,362,384,171,201,155	
0,185,345,365,369,384,178,201,162	
0,196,359,379,382,393,190,214,176	
0,196,369,381,390,397,198,213,187	
0,198,382,385,401,398,208,213,199	
0,205,398,387,416,397,224,214,215	
0,16,477,192,476,187,306,10,299	
0,8,470,185,480,182,297,5,291	
0,1,451,185,470,186,280,3,264	
0,2,445,185,467,195,279,9,258	
0,0,442,175,464,190,278,8,255	
0,4,428,166,452,180,270,1,243	
0,0,413,172,441,188,263,8,234	
0,3,400,181,431,201,252,21,221	
0,8,385,187,416,210,239,29,208	
0,8,373,188,405,213,223,31,191	
0,7,364,186,397,214,214,32,181	
0,7,358,187,393,217,208,34,172	
0,9,357,189,392,219,206,37,169	
0,11,357,191,393,223,208,40,170	
0,17,357,197,394,228,209,45,170	
0,21,358,202,394,234,209,50,170	
0,24,358,205,394,237,209,53,170	
0,25,355,206,392,238,207,54,169	
0,26,353,207,390,240,205,57,167	
0,26,351,206,387,240,203,57,164	
0,25,350,205,386,240,202,57,163	
0,24,348,204,384,238,201,56,162	
0,24,345,203,382,238,199,56,160	
0,24,341,203,378,239,195,57,156	
0,22,337,201,375,238,191,56,152	
0,20,335,199,373,236,189,54,149	
0,19,333,198,370,234,186,52,147	
0,19,330,199,368,235,184,53,144	
0,19,326,199,365,236,180,53,140	
0,17,323,197,363,236,177,53,136	
0,16,321,196,362,235,176,53,134	
0,17,320,196,361,236,176,54,132	
0,18,319,198,360,238,175,55,132	
0,20,316,200,358,241,173,58,129	
0,22,313,203,356,245,170,61,126	
0,23,312,205,354,246,168,62,123	
0,23,309,205,351,247,164,62,120	
0,22,308,205,349,246,161,61,119	0,44,42,56,44,60,32,48,29	
0,21,305,205,346,245,158,59,116	
0,23,297,209,339,250,151,62,108	
0,25,295,212,338,254,146,65,101	
0,29,296,216,338,258,146,69,102	
0,30,296,217,338,260,146,71,102	
0,54,25,66,27,71,14,58,12	0,31,296,218,337,260,146,71,102	
0,32,297,219,337,260,146,72,103	
0,55,27,67,29,71,17,59,15	0,34,296,220,336,260,146,73,104	
0,35,296,222,334,261,144,73,103	0,55,26,67,29,72,16,59,14	
0,36,298,222,336,261,145,73,106	
0,37,301,222,338,259,148,72,109	
0,34,304,218,339,255,150,70,112	
0,32,308,215,342,250,153,65,118	
0,31,312,213,345,246,157,62,123	
0,29,316,210,348,241,160,59,127	
0,28,319,208,350,239,164,57,132	
0,27,320,206,351,236,166,55,134	
0,25,318,204,350,235,166,55,133	
0,33,58,44,60,48,48,36,46	0,23,318,202,349,233,164,52,132	
0,24,318,204,349,233,164,52,132	
0,24,317,204,348,234,162,52,131	0,32,57,44,59,48,47,36,45	
0,32,57,43,58,47,46,35,45	0,24,317,204,347,234,162,52,130	
0,23,316,203,347,233,162,52,130	0,32,57,43,58,47,46,35,44	
0,24,318,203,348,232,162,51,131	
0,24,321,203,351,231,165,50,135	
0,25,322,203,351,231,167,51,137	
0,24,317,202,348,231,165,51,134	
0,31,59,42,60,46,48,34,46	0,24,316,201,346,231,162,51,131	
0,22,313,199,343,229,161,50,130	
0,18,310,194,340,224,157,47,127	
0,16,309,192,338,221,155,44,126	
0,15,309,191,338,218,155,41,126	
0,21,56,31,58,35,46,24,44	0,15,310,190,338,217,155,40,127	
0,15,310,190,338,217,156,41,128	
0,15,309,189,337,217,156,41,128	0,21,58,32,59,36,47,24,45	
0,22,57,32,58,36,46,25,45	0,15,308,189,337,216,155,41,127	
0,21,57,32,58,36,46,24,45	0,15,307,188,335,216,155,41,127	
0,14,306,186,334,214,153,40,125	0,21,56,31,57,35,45,24,43	
0,13,305,185,333,212,153,39,125	
0,12,306,183,334,211,154,37,126	
0,10,305,181,333,208,153,35,126	
0,8,304,179,332,206,152,33,125	
0,6,303,177,330,204,150,31,124	
0,4,300,175,327,202,148,30,121	
0,2,300,173,327,200,147,28,120	
0,1,301,171,328,198,148,26,121	
0,0,303,171,330,197,150,25,123	0,7,54,17,55,21,43,9,42	
0,0,304,169,332,196,152,24,125	0,6,55,16,57,20,45,9,43	
0,4,57,15,58,18,46,7,45	0,0,306,169,334,194,153,23,127	
0,0,308,169,335,194,155,23,129	0,4,60,14,61,18,49,7,48	
0,-1,308,168,335,194,156,22,129	
0,-1,308,168,335,194,156,22,129	
0,-1,307,168,334,193,155,22,128	
0,-1,307,169,334,194,154,22,128	0,4,59,14,60,18,48,6,47	
0,-1,306,169,334,195,154,23,127	
0,-1,306,168,334,195,154,23,127	
0,-2,305,167,333,194,153,22,126	
0,-2,304,167,332,193,152,21,125	
0,-3,302,165,330,192,150,20,123	
0,-3,301,165,328,192,148,20,121	0,2,52,12,53,16,41,5,40	
0,-4,300,165,327,191,147,19,120	0,1,51,12,52,15,40,4,39	
0,-4,299,165,327,192,146,19,119	
0,2,50,12,51,16,39,5,38	0,-3,299,165,327,192,146,19,119	
0,-3,301,166,328,192,147,20,120	
0,3,51,13,53,17,41,6,39	0,-2,301,167,329,193,148,21,120	
0,-2,302,168,330,194,148,22,122	
0,0,304,171,331,196,150,23,123	
0,10,309,179,335,200,153,29,127	
Can't receive frame.
